[gd_scene load_steps=5 format=3 uid="uid://l71df52ljrth"]

[ext_resource type="Script" uid="uid://du00nos67youy" path="res://scripts/camera.gd" id="1_0wfyh"]
[ext_resource type="Script" uid="uid://c6m8jg205cjb7" path="res://scenes/game_controller.gd" id="1_sugp2"]
[ext_resource type="PackedScene" uid="uid://d3sg15u3xpsr3" path="res://scenes/board/board.tscn" id="2_sugp2"]
[ext_resource type="Script" uid="uid://cxsu8sksx0iim" path="res://scripts/faction_pieces.gd" id="4_jyhfs"]

[node name="Main" type="Node"]

[node name="Controllers" type="Node" parent="."]

[node name="GameController" type="Node" parent="Controllers" node_paths=PackedStringArray("board", "player_pieces", "enemy_pieces", "camera", "ui")]
script = ExtResource("1_sugp2")
board = NodePath("../../Board")
player_pieces = NodePath("../../PlayerPieces")
enemy_pieces = NodePath("../../EnemyPieces")
camera = NodePath("../../Camera3D")
ui = NodePath("../../UI")

[node name="Camera3D" type="Camera3D" parent="."]
transform = Transform3D(1, 0, 0, 0, 0.855229, 0.518251, 0, -0.518251, 0.855229, 3.50183, 5.44557, 5.47877)
projection = 1
current = true
size = 6.381
script = ExtResource("1_0wfyh")

[node name="RayCast3D" type="RayCast3D" parent="Camera3D"]
transform = Transform3D(1, 0, 0, 0, 0.258819, -0.965926, 0, 0.965926, 0.258819, 0, 0, 0)
target_position = Vector3(0, -1.845, 0)
collision_mask = 7
collide_with_areas = true

[node name="Board" parent="." instance=ExtResource("2_sugp2")]

[node name="ChessPieces" type="Node" parent="."]

[node name="DirectionalLight3D" type="DirectionalLight3D" parent="."]
transform = Transform3D(1, 0, 0, 0, 0.323884, 0.946097, 0, -0.946097, 0.323884, 0.0876713, 6.78015, 0.0436654)

[node name="PlayerPieces" type="Node3D" parent="."]
script = ExtResource("4_jyhfs")

[node name="EnemyPieces" type="Node3D" parent="."]
script = ExtResource("4_jyhfs")

[node name="UI" type="Control" parent="."]
layout_mode = 3
anchors_preset = 0
offset_right = 40.0
offset_bottom = 40.0
